Valor do sinal,Temperatura,Umidade,Hora
-0.140625,27.4°C,69%,17:36:46
-0.08984375,27.4°C,69%,17:37:02
-0.18359375,27.4°C,69%,17:37:18
-0.19140625,27.4°C,69%,17:37:35
-0.060546875,27.4°C,69%,17:37:51
-0.0390625,27.4°C,69%,17:38:07
-0.162109375,27.4°C,69%,17:38:23
-0.134765625,27.4°C,69%,17:38:40
-0.01953125,27.4°C,69%,17:38:56
-0.0546875,27.4°C,69%,17:39:12
-0.150390625,27.4°C,69%,17:39:28
-0.115234375,27.4°C,69%,17:39:45
-0.033203125,27.4°C,69%,17:40:01
-0.064453125,27.4°C,69%,17:40:17
-0.150390625,27.4°C,69%,17:40:33
-0.103515625,27.4°C,69%,17:40:50
0.0,27.4°C,69%,17:41:06
-0.076171875,27.4°C,69%,17:41:22
-0.1328125,27.4°C,69%,17:41:38
-0.068359375,27.4°C,69%,17:41:55
0.01171875,27.4°C,69%,17:42:11
-0.046875,27.4°C,69%,17:42:27
-0.087890625,27.4°C,69%,17:42:43
0.00390625,27.4°C,69%,17:42:59
0.046875,27.4°C,69%,17:43:16
-0.064453125,27.4°C,69%,17:43:32
-0.0703125,27.4°C,69%,17:43:48
0.015625,27.4°C,69%,17:44:04
0.041015625,27.4°C,69%,17:44:21
-0.064453125,27.4°C,69%,17:44:37
-0.05859375,27.4°C,69%,17:44:53
0.046875,27.4°C,69%,17:45:09
0.025390625,27.4°C,69%,17:45:26
-0.0859375,27.4°C,69%,17:45:42
-0.037109375,27.4°C,69%,17:45:58
0.04296875,27.4°C,69%,17:46:15
-0.017578125,27.4°C,69%,17:46:31
-0.107421875,27.4°C,69%,17:46:47
-0.06640625,27.4°C,69%,17:47:03
0.029296875,27.4°C,69%,17:47:19
-0.0546875,27.4°C,69%,17:47:35
-0.08984375,27.4°C,69%,17:47:52
-0.029296875,27.4°C,69%,17:48:08
0.03125,27.4°C,69%,17:48:24
-0.083984375,27.4°C,69%,17:48:40
-0.109375,27.4°C,69%,17:48:57
-0.05078125,27.4°C,69%,17:49:13
-0.01953125,27.4°C,69%,17:49:29
-0.16015625,27.4°C,69%,17:49:45
-0.19140625,27.4°C,69%,17:50:02
-0.1015625,27.4°C,69%,17:50:18
-0.06640625,27.4°C,69%,17:50:34
-0.166015625,27.4°C,69%,17:50:50
-0.146484375,27.4°C,69%,17:51:07
-0.033203125,27.4°C,69%,17:51:23
-0.064453125,27.4°C,69%,17:51:39
-0.17578125,27.4°C,69%,17:51:55
-0.115234375,27.4°C,69%,17:52:12
-0.015625,27.4°C,69%,17:52:28
-0.080078125,27.4°C,69%,17:52:44
-0.154296875,27.4°C,69%,17:53:00
-0.087890625,27.4°C,69%,17:53:16
-0.0078125,27.4°C,69%,17:53:32
-0.078125,27.4°C,69%,17:53:49
-0.140625,27.4°C,69%,17:54:05
-0.05859375,27.4°C,69%,17:54:21
0.00390625,27.4°C,69%,17:54:37
-0.103515625,27.4°C,69%,17:54:54
-0.130859375,27.4°C,69%,17:55:10
-0.05859375,27.4°C,69%,17:55:26
-0.0078125,27.4°C,69%,17:55:42
-0.091796875,27.4°C,69%,17:55:58
-0.11328125,27.4°C,69%,17:56:14
-0.029296875,27.4°C,69%,17:56:30
-0.00390625,27.4°C,69%,17:56:46
-0.087890625,27.4°C,69%,17:57:02
-0.07421875,27.4°C,69%,17:57:18
0.03125,27.4°C,69%,17:57:35
0.00390625,27.4°C,69%,17:57:51
-0.07421875,27.4°C,69%,17:58:07
-0.044921875,27.4°C,69%,17:58:23
0.056640625,27.4°C,69%,17:58:39
-0.0234375,27.4°C,69%,17:58:56
-0.111328125,27.4°C,69%,17:59:12
-0.068359375,27.4°C,69%,17:59:28
0.015625,27.4°C,69%,17:59:44
-0.05859375,27.4°C,69%,18:00:00
-0.12890625,27.4°C,69%,18:00:17
-0.064453125,27.4°C,69%,18:00:33
-0.01953125,27.4°C,69%,18:00:49
-0.10546875,27.4°C,69%,18:01:06
-0.138671875,27.4°C,69%,18:01:22
-0.0546875,27.4°C,69%,18:01:38
-0.021484375,27.4°C,69%,18:01:54
-0.115234375,27.4°C,69%,18:02:11
-0.126953125,27.4°C,69%,18:02:27
-0.001953125,27.4°C,69%,18:02:43
-0.00390625,27.4°C,69%,18:02:59
-0.10546875,27.4°C,69%,18:03:16
-0.099609375,27.4°C,69%,18:03:32
0.009765625,27.4°C,69%,18:03:48
-0.03125,27.4°C,69%,18:04:04
-0.1328125,27.4°C,69%,18:04:20
-0.111328125,27.4°C,69%,18:04:36
-0.025390625,27.4°C,69%,18:04:53
-0.091796875,27.4°C,69%,18:05:09
-0.1484375,27.4°C,69%,18:05:25
-0.107421875,27.4°C,69%,18:05:41
-0.01171875,27.4°C,69%,18:05:57
-0.095703125,27.4°C,69%,18:06:13
-0.146484375,27.4°C,69%,18:06:30
-0.076171875,27.4°C,69%,18:06:46
-0.015625,27.4°C,69%,18:07:02
-0.126953125,27.4°C,69%,18:07:18
-0.130859375,27.4°C,69%,18:07:34
-0.052734375,27.4°C,69%,18:07:50
-0.01171875,27.4°C,69%,18:08:06
-0.11328125,27.4°C,69%,18:08:23
-0.1328125,27.4°C,69%,18:08:39
-0.056640625,27.4°C,69%,18:08:55
-0.0625,27.4°C,69%,18:09:11
-0.154296875,27.4°C,69%,18:09:27
-0.142578125,27.4°C,69%,18:09:43
-0.05078125,27.4°C,69%,18:10:00
-0.078125,27.4°C,69%,18:10:16
-0.15625,27.4°C,69%,18:10:32
-0.134765625,27.4°C,69%,18:10:48
-0.037109375,27.4°C,69%,18:11:04
-0.099609375,27.4°C,69%,18:11:20
-0.169921875,27.4°C,69%,18:11:37
-0.12109375,27.4°C,69%,18:11:53
-0.04296875,27.4°C,69%,18:12:09
-0.10546875,27.4°C,69%,18:12:25
-0.169921875,27.4°C,69%,18:12:41
-0.087890625,27.4°C,69%,18:12:58
-0.037109375,27.4°C,71%,18:13:14
-0.123046875,27.4°C,71%,18:13:30
-0.140625,27.4°C,71%,18:13:46
-0.0625,27.4°C,71%,18:14:02
-0.056640625,27.4°C,71%,18:14:18
-0.150390625,27.4°C,71%,18:14:34
-0.150390625,27.4°C,71%,18:14:51
-0.07421875,27.4°C,71%,18:15:07
-0.08203125,27.4°C,71%,18:15:23
-0.18359375,27.4°C,71%,18:15:39
-0.1875,27.4°C,71%,18:15:56
-0.107421875,27.4°C,71%,18:16:12
-0.146484375,27.4°C,71%,18:16:28
-0.2421875,27.4°C,71%,18:16:44
-0.201171875,27.4°C,71%,18:17:00
-0.09375,27.4°C,71%,18:17:16
-0.138671875,27.4°C,71%,18:17:32
-0.2109375,27.4°C,71%,18:17:48
-0.150390625,27.4°C,71%,18:18:05
-0.07421875,27.4°C,71%,18:18:21
-0.1484375,27.4°C,71%,18:18:37
-0.22265625,27.4°C,71%,18:18:53
-0.115234375,27.4°C,71%,18:19:09
-0.05859375,27.4°C,71%,18:19:26
-0.134765625,27.4°C,71%,18:19:42
-0.150390625,27.4°C,71%,18:19:58
-0.048828125,27.4°C,71%,18:20:14
0.142578125,27.4°C,71%,18:20:30
0.068359375,27.4°C,71%,18:20:47
0.029296875,27.4°C,71%,18:21:03
0.099609375,27.4°C,71%,18:21:19
0.06640625,27.4°C,71%,18:21:35
-0.080078125,27.4°C,71%,18:21:52
-0.087890625,27.4°C,71%,18:22:08
-0.005859375,27.4°C,71%,18:22:24
-0.068359375,27.4°C,71%,18:22:40
-0.15625,27.4°C,71%,18:22:56
-0.15625,27.4°C,71%,18:23:13
-0.0703125,27.4°C,71%,18:23:29
-0.173828125,27.4°C,71%,18:23:45
-0.310546875,27.4°C,71%,18:24:01
-0.02734375,27.4°C,71%,18:24:17
-0.052734375,27.4°C,71%,18:24:34
-0.1484375,27.4°C,71%,18:24:50
-0.11328125,27.4°C,71%,18:25:06
-0.015625,27.4°C,71%,18:25:22
-0.064453125,27.4°C,71%,18:25:38
-0.130859375,27.4°C,71%,18:25:54
-0.076171875,27.4°C,71%,18:26:11
0.021484375,27.4°C,71%,18:26:27
-0.05859375,27.4°C,71%,18:26:43
-0.109375,27.4°C,71%,18:26:59
-0.029296875,27.4°C,71%,18:27:16
0.04296875,27.4°C,71%,18:27:32
-0.0546875,27.4°C,71%,18:27:48
-0.083984375,27.4°C,71%,18:28:04
0.009765625,27.4°C,71%,18:28:20
0.017578125,27.4°C,71%,18:28:37
-0.083984375,27.4°C,71%,18:28:53
-0.08984375,27.4°C,71%,18:29:09
0.015625,27.4°C,71%,18:29:25
0.0234375,27.4°C,71%,18:29:42
-0.095703125,27.4°C,71%,18:29:58
-0.080078125,27.4°C,71%,18:30:14
0.0234375,27.4°C,71%,18:30:31
0.013671875,27.4°C,71%,18:30:47
-0.064453125,27.4°C,71%,18:31:03
-0.041015625,27.4°C,71%,18:31:19
0.06640625,27.4°C,71%,18:31:35
-0.015625,27.4°C,71%,18:31:52
-0.08984375,27.4°C,71%,18:32:08
-0.01171875,27.4°C,71%,18:32:24
0.0625,27.4°C,71%,18:32:40
-0.015625,27.4°C,71%,18:32:57
-0.078125,27.4°C,71%,18:33:13
-0.005859375,27.4°C,71%,18:33:29
0.05078125,27.4°C,71%,18:33:45
-0.064453125,27.4°C,71%,18:34:01
-0.095703125,27.4°C,71%,18:34:18
0.01953125,27.4°C,71%,18:34:34
0.04296875,27.4°C,71%,18:34:50
-0.07421875,27.4°C,71%,18:35:06
-0.07421875,27.4°C,71%,18:35:22
0.03515625,27.4°C,71%,18:35:38
0.03515625,27.4°C,71%,18:35:55
-0.076171875,27.4°C,71%,18:36:11
-0.064453125,27.4°C,71%,18:36:27
0.037109375,27.4°C,71%,18:36:44
0.0,27.4°C,71%,18:37:00
-0.08984375,27.4°C,71%,18:37:16
-0.0390625,27.4°C,71%,18:37:32
0.025390625,27.4°C,71%,18:37:49
-0.02734375,27.4°C,71%,18:38:05
-0.099609375,27.4°C,71%,18:38:21
-0.03515625,27.4°C,71%,18:38:37
0.037109375,27.4°C,71%,18:38:54
-0.048828125,27.4°C,71%,18:39:10
-0.12890625,27.4°C,71%,18:39:26
-0.04296875,27.4°C,71%,18:39:42
0.017578125,27.4°C,71%,18:39:58
-0.072265625,27.4°C,71%,18:40:14
-0.10546875,27.4°C,71%,18:40:31
-0.013671875,27.4°C,71%,18:40:47
0.005859375,27.4°C,71%,18:41:03
-0.130859375,27.4°C,71%,18:41:19
-0.1171875,27.4°C,71%,18:41:35
0.00390625,27.4°C,71%,18:41:51
-0.00390625,27.4°C,71%,18:42:08
-0.130859375,27.4°C,71%,18:42:24
-0.107421875,27.4°C,71%,18:42:40
-0.01171875,27.4°C,71%,18:42:57
-0.056640625,27.4°C,71%,18:43:13
-0.140625,27.4°C,71%,18:43:29
-0.111328125,27.4°C,71%,18:43:45
-0.015625,27.4°C,71%,18:44:01
-0.083984375,27.4°C,71%,18:44:18
-0.130859375,27.4°C,71%,18:44:34
-0.064453125,27.4°C,71%,18:44:50
0.015625,27.4°C,71%,18:45:06
-0.068359375,27.4°C,71%,18:45:22
-0.125,27.4°C,71%,18:45:39
-0.046875,27.4°C,71%,18:45:55
-0.005859375,27.4°C,71%,18:46:11
-0.091796875,27.4°C,71%,18:46:27
-0.107421875,27.4°C,71%,18:46:44
-0.00390625,27.4°C,71%,18:47:00
0.009765625,27.4°C,71%,18:47:16
-0.091796875,27.4°C,71%,18:47:32
-0.09765625,27.4°C,71%,18:47:49
-0.005859375,27.4°C,71%,18:48:05
-0.0625,27.4°C,71%,18:48:21
-0.203125,27.4°C,71%,18:48:37
-0.16796875,27.4°C,71%,18:48:54
-0.072265625,27.4°C,71%,18:49:10
-0.123046875,27.4°C,71%,18:49:26
-0.50390625,27.4°C,71%,18:49:42
-0.501953125,27.4°C,71%,18:49:58
-0.408203125,27.4°C,71%,18:50:15
-0.44921875,27.4°C,71%,18:50:31
-0.517578125,27.4°C,71%,18:50:47
-0.439453125,27.4°C,71%,18:51:03
-0.337890625,27.4°C,71%,18:51:19
-0.4140625,27.4°C,71%,18:51:36
-0.4453125,27.4°C,71%,18:51:52
-0.32421875,27.4°C,71%,18:52:08
-0.2421875,27.4°C,71%,18:52:24
-0.3203125,27.4°C,71%,18:52:41
-0.306640625,27.4°C,71%,18:52:57
-0.193359375,27.4°C,71%,18:53:13
-0.15625,27.4°C,71%,18:53:29
-0.240234375,27.4°C,71%,18:53:46
-0.2109375,27.4°C,71%,18:54:02
-0.09375,27.4°C,71%,18:54:18
-0.1015625,27.4°C,71%,18:54:34
-0.193359375,27.4°C,71%,18:54:50
-0.13671875,27.4°C,71%,18:55:07
-0.0234375,27.4°C,71%,18:55:23
-0.06640625,27.4°C,71%,18:55:39
-0.1328125,27.4°C,71%,18:55:55
-0.087890625,27.4°C,71%,18:56:12
0.009765625,27.4°C,71%,18:56:28
-0.0703125,27.4°C,71%,18:56:44
-0.125,27.4°C,71%,18:57:00
-0.060546875,27.4°C,71%,18:57:16
0.021484375,27.4°C,71%,18:57:32
-0.07421875,27.4°C,71%,18:57:48
-0.107421875,27.4°C,71%,18:58:05
-0.013671875,27.4°C,71%,18:58:21
0.048828125,27.4°C,71%,18:58:37
-0.048828125,27.4°C,71%,18:58:53
-0.0703125,27.4°C,71%,18:59:09
0.0234375,27.4°C,71%,18:59:26
0.048828125,27.4°C,71%,18:59:42
-0.0625,27.4°C,71%,18:59:58
-0.05859375,27.4°C,71%,19:00:14
0.05078125,27.4°C,71%,19:00:31
0.03515625,27.4°C,71%,19:00:47
-0.052734375,27.4°C,71%,19:01:03
-0.02734375,27.4°C,71%,19:01:20
0.06640625,27.4°C,71%,19:01:36
0.041015625,27.4°C,71%,19:01:52
-0.029296875,27.4°C,71%,19:02:08
0.01953125,27.4°C,71%,19:02:24
0.11328125,27.4°C,71%,19:02:41
0.033203125,27.4°C,71%,19:02:57
-0.041015625,27.4°C,71%,19:03:13
0.001953125,27.4°C,71%,19:03:29
0.08203125,27.4°C,71%,19:03:45
-0.021484375,27.4°C,71%,19:04:01
-0.07421875,27.4°C,71%,19:04:18
0.013671875,27.4°C,71%,19:04:34
0.06640625,27.4°C,71%,19:04:50
-0.048828125,27.4°C,71%,19:05:06
-0.05859375,27.4°C,71%,19:05:23
0.013671875,27.4°C,71%,19:05:39
0.05078125,27.4°C,71%,19:05:55
-0.072265625,27.4°C,71%,19:06:12
-0.107421875,27.4°C,71%,19:06:28
0.0,27.4°C,71%,19:06:44
-0.0234375,27.4°C,71%,19:07:00
-0.126953125,27.4°C,71%,19:07:16
-0.1171875,27.4°C,71%,19:07:33
0.005859375,27.4°C,71%,19:07:49
-0.041015625,27.4°C,71%,19:08:05
-0.107421875,27.4°C,71%,19:08:22
-0.0859375,27.4°C,71%,19:08:38
0.005859375,27.4°C,71%,19:08:54
-0.080078125,27.4°C,71%,19:09:10
-0.126953125,27.4°C,71%,19:09:27
-0.052734375,27.4°C,71%,19:09:43
0.03125,27.4°C,71%,19:09:59
-0.064453125,27.4°C,71%,19:10:15
-0.123046875,27.4°C,71%,19:10:32
-0.044921875,27.4°C,71%,19:10:48
0.009765625,27.4°C,71%,19:11:04
-0.103515625,27.4°C,71%,19:11:20
-0.1171875,27.4°C,71%,19:11:37
-0.029296875,27.4°C,71%,19:11:53
-0.001953125,27.4°C,71%,19:12:09
-0.076171875,27.4°C,71%,19:12:25
-0.083984375,27.4°C,71%,19:12:42
0.013671875,27.4°C,71%,19:12:58
0.017578125,27.0°C,72%,19:13:14
-0.08984375,27.0°C,72%,19:13:30
-0.078125,27.0°C,72%,19:13:46
0.0234375,27.0°C,72%,19:14:03
-0.021484375,27.0°C,72%,19:14:19
-0.095703125,27.0°C,72%,19:14:35
-0.05859375,27.0°C,72%,19:14:52
0.01953125,27.0°C,72%,19:15:08
-0.041015625,27.0°C,72%,19:15:24
-0.134765625,27.0°C,72%,19:15:40
-0.05859375,27.0°C,72%,19:15:56
0.01953125,27.0°C,72%,19:16:12
-0.08203125,27.0°C,72%,19:16:29
-0.1484375,27.0°C,72%,19:16:45
-0.375,27.0°C,72%,19:17:01
-0.708984375,27.0°C,72%,19:17:18
-0.802734375,27.0°C,72%,19:17:34
-0.7890625,27.0°C,72%,19:17:50
-0.69140625,27.0°C,72%,19:18:06
-0.62890625,27.0°C,72%,19:18:22
-0.689453125,27.0°C,72%,19:18:38
-0.65625,27.0°C,72%,19:18:55
-0.5234375,27.0°C,72%,19:19:11
-0.48828125,27.0°C,72%,19:19:27
-0.548828125,27.0°C,72%,19:19:43
-0.4921875,27.0°C,72%,19:19:59
-0.326171875,27.0°C,72%,19:20:16
-0.333984375,27.0°C,72%,19:20:32
-0.375,27.0°C,72%,19:20:48
-0.287109375,27.0°C,72%,19:21:04
-0.16796875,27.0°C,72%,19:21:21
-0.212890625,27.0°C,72%,19:21:37
-0.244140625,27.0°C,72%,19:21:53
-0.142578125,27.0°C,72%,19:22:10
-0.037109375,27.0°C,72%,19:22:26
-0.11328125,27.0°C,72%,19:22:42
-0.1640625,27.0°C,72%,19:22:59
-0.07421875,27.0°C,72%,19:23:15
-0.005859375,27.0°C,72%,19:23:31
-0.087890625,27.0°C,72%,19:23:47
-0.091796875,27.0°C,72%,19:24:04
-0.0078125,27.0°C,72%,19:24:20
0.02734375,27.0°C,72%,19:24:36
-0.072265625,27.0°C,72%,19:24:52
-0.048828125,27.0°C,72%,19:25:08
0.08203125,27.0°C,72%,19:25:25
0.060546875,27.0°C,72%,19:25:41
-0.029296875,27.0°C,72%,19:25:57
-0.001953125,27.0°C,72%,19:26:13
0.10546875,27.0°C,72%,19:26:30
0.068359375,27.0°C,72%,19:26:46
-0.013671875,27.0°C,72%,19:27:02
0.029296875,27.0°C,72%,19:27:18
0.11328125,27.0°C,72%,19:27:35
0.05078125,27.0°C,72%,19:27:51
-0.013671875,27.0°C,72%,19:28:07
0.052734375,27.0°C,72%,19:28:24
0.1328125,27.0°C,72%,19:28:40
0.02734375,27.0°C,72%,19:28:56
-0.015625,27.0°C,72%,19:29:12
0.0703125,27.0°C,72%,19:29:28
0.12109375,27.0°C,72%,19:29:45
0.013671875,27.0°C,72%,19:30:01
-0.025390625,27.0°C,72%,19:30:17
0.068359375,27.0°C,72%,19:30:33
0.080078125,27.0°C,72%,19:30:49
-0.01171875,27.0°C,72%,19:31:06
0.0,27.0°C,72%,19:31:22
0.09375,27.0°C,72%,19:31:38
0.08984375,27.0°C,72%,19:31:54
-0.00390625,27.0°C,72%,19:32:10
0.013671875,27.0°C,72%,19:32:27
0.11328125,27.0°C,72%,19:32:43
0.07421875,27.0°C,72%,19:32:59
-0.005859375,27.0°C,72%,19:33:15
0.0390625,27.0°C,72%,19:33:31
0.115234375,27.0°C,72%,19:33:48
0.037109375,27.0°C,72%,19:34:04
-0.033203125,27.0°C,72%,19:34:20
0.021484375,27.0°C,72%,19:34:36
0.09765625,27.0°C,72%,19:34:53
0.0078125,27.0°C,72%,19:35:09
-0.048828125,27.0°C,72%,19:35:25
0.029296875,27.0°C,72%,19:35:41
0.072265625,27.0°C,72%,19:35:57
-0.021484375,27.0°C,72%,19:36:14
-0.05859375,27.0°C,72%,19:36:30
0.044921875,27.0°C,72%,19:36:48
0.05859375,27.0°C,72%,19:37:05
-0.052734375,27.0°C,72%,19:37:21
-0.05078125,27.0°C,72%,19:37:37
0.01953125,27.0°C,72%,19:37:53
-0.080078125,27.0°C,72%,19:38:09
-0.1171875,27.0°C,72%,19:38:26
-0.021484375,27.0°C,72%,19:38:42
0.009765625,27.0°C,72%,19:38:58
-0.107421875,27.0°C,72%,19:39:14
-0.115234375,27.0°C,72%,19:39:31
-0.00390625,27.0°C,72%,19:39:47
-0.015625,27.0°C,72%,19:40:03
-0.1015625,27.0°C,72%,19:40:19
-0.07421875,27.0°C,72%,19:40:35
0.01953125,27.0°C,72%,19:40:51
-0.015625,27.0°C,72%,19:41:07
-0.103515625,27.0°C,72%,19:41:23
-0.08203125,27.0°C,72%,19:41:40
0.005859375,27.0°C,72%,19:41:56
-0.04296875,27.0°C,72%,19:42:12
-0.13671875,27.0°C,72%,19:42:29
-0.0703125,27.0°C,72%,19:42:45
-0.00390625,27.0°C,72%,19:43:01
-0.08984375,27.0°C,72%,19:43:17
-0.115234375,27.0°C,72%,19:43:33
-0.04296875,27.0°C,72%,19:43:49
0.0,27.0°C,72%,19:44:06
-0.111328125,27.0°C,72%,19:44:22
-0.12109375,27.0°C,72%,19:44:38
-0.01171875,27.0°C,72%,19:44:54
-0.00390625,27.0°C,72%,19:45:11
-0.12890625,27.0°C,72%,19:45:27
-0.14453125,27.0°C,72%,19:45:43
-0.029296875,27.0°C,72%,19:45:59
-0.048828125,27.0°C,72%,19:46:15
-0.15625,27.0°C,72%,19:46:31
-0.1328125,27.0°C,72%,19:46:48
-0.033203125,27.0°C,72%,19:47:04
-0.060546875,27.0°C,72%,19:47:20
-0.154296875,27.0°C,72%,19:47:36
-0.109375,27.0°C,72%,19:47:52
-0.01171875,27.0°C,72%,19:48:08
-0.083984375,27.0°C,72%,19:48:24
-0.142578125,27.0°C,72%,19:48:41
-0.0859375,27.0°C,72%,19:48:57
-0.009765625,27.0°C,72%,19:49:13
-0.087890625,27.0°C,72%,19:49:29
-0.125,27.0°C,72%,19:49:45
-0.056640625,27.0°C,72%,19:50:01
0.001953125,27.0°C,72%,19:50:18
-0.11328125,27.0°C,72%,19:50:34
-0.16796875,27.0°C,72%,19:50:50
-0.07421875,27.0°C,72%,19:51:06
-0.046875,27.0°C,72%,19:51:22
-0.181640625,27.0°C,72%,19:51:38
-0.1875,27.0°C,72%,19:51:54
-0.068359375,27.0°C,72%,19:52:11
-0.056640625,27.0°C,72%,19:52:27
-0.154296875,27.0°C,72%,19:52:43
-0.1484375,27.0°C,72%,19:52:59
-0.04296875,27.0°C,72%,19:53:15
-0.0625,27.0°C,72%,19:53:31
-0.154296875,27.0°C,72%,19:53:47
-0.123046875,27.0°C,72%,19:54:03
-0.0234375,27.0°C,72%,19:54:19
-0.083984375,27.0°C,72%,19:54:36
-0.154296875,27.0°C,72%,19:54:52
-0.076171875,27.0°C,72%,19:55:08
0.021484375,27.0°C,72%,19:55:24
-0.0546875,27.0°C,72%,19:55:40
-0.09765625,27.0°C,72%,19:55:56
-0.01171875,27.0°C,72%,19:56:13
0.072265625,27.0°C,72%,19:56:29
-0.03125,27.0°C,72%,19:56:45
-0.041015625,27.0°C,72%,19:57:01
0.056640625,27.0°C,72%,19:57:17
0.095703125,27.0°C,72%,19:57:33
-0.01171875,27.0°C,72%,19:57:49
-0.015625,27.0°C,72%,19:58:05
0.099609375,27.0°C,72%,19:58:22
0.09765625,27.0°C,72%,19:58:38
-0.001953125,27.0°C,72%,19:58:54
0.017578125,27.0°C,72%,19:59:10
0.115234375,27.0°C,72%,19:59:26
0.076171875,27.0°C,72%,19:59:42
0.052734375,27.0°C,72%,19:59:59
0.33203125,27.0°C,72%,20:00:15
0.67578125,27.0°C,72%,20:00:31
0.720703125,27.0°C,72%,20:00:48
0.669921875,27.0°C,72%,20:01:04
0.67578125,27.0°C,72%,20:01:20
0.642578125,27.0°C,72%,20:01:36
0.57421875,27.0°C,72%,20:01:53
0.470703125,27.0°C,72%,20:02:09
0.478515625,27.0°C,72%,20:02:26
0.482421875,27.0°C,72%,20:02:42
0.353515625,27.0°C,72%,20:02:58
0.26171875,27.0°C,72%,20:03:15
0.30859375,27.0°C,72%,20:03:31
0.291015625,27.0°C,72%,20:03:48
0.1484375,27.0°C,72%,20:04:04
0.103515625,27.0°C,72%,20:04:21
0.162109375,27.0°C,72%,20:04:38
0.12890625,27.0°C,72%,20:04:54
0.0,27.0°C,72%,20:05:11
-0.05078125,27.0°C,72%,20:05:27
0.01953125,27.0°C,72%,20:05:44
-0.03515625,27.0°C,72%,20:06:01
-0.177734375,27.0°C,72%,20:06:17
-0.22265625,27.0°C,72%,20:06:34
-0.134765625,27.0°C,72%,20:06:50
-0.212890625,27.0°C,72%,20:07:07
-0.310546875,27.0°C,72%,20:07:23
-0.275390625,27.0°C,72%,20:07:40
-0.1796875,27.0°C,72%,20:07:56
-0.251953125,27.0°C,72%,20:08:13
-0.326171875,27.0°C,72%,20:08:30
-0.255859375,27.0°C,72%,20:08:47
-0.193359375,27.0°C,72%,20:09:03
-0.3046875,27.0°C,72%,20:09:19
-0.3515625,27.0°C,72%,20:09:36
-0.28125,27.0°C,72%,20:09:52
-0.228515625,27.0°C,72%,20:10:09
-0.310546875,27.0°C,72%,20:10:25
-0.322265625,27.0°C,72%,20:10:42
-0.22265625,27.0°C,72%,20:10:59
-0.2109375,27.0°C,72%,20:11:15
-0.298828125,27.0°C,72%,20:11:32
-0.29296875,27.0°C,72%,20:11:48
-0.181640625,27.0°C,72%,20:12:04
-0.2109375,27.0°C,72%,20:12:20
-0.28125,27.0°C,72%,20:12:37
-0.244140625,27.0°C,72%,20:12:53
-0.125,27.1°C,71%,20:13:10
-0.166015625,27.1°C,71%,20:13:26
-0.2578125,27.1°C,71%,20:13:42
-0.203125,27.1°C,71%,20:13:58
-0.09375,27.1°C,71%,20:14:15
-0.1484375,27.1°C,71%,20:14:31
-0.2265625,27.1°C,71%,20:14:48
-0.166015625,27.1°C,71%,20:15:04
-0.087890625,27.1°C,71%,20:15:20
-0.16796875,27.1°C,71%,20:15:36
-0.20703125,27.1°C,71%,20:15:53
-0.119140625,27.1°C,71%,20:16:09
-0.0625,27.1°C,71%,20:16:26
-0.16796875,27.1°C,71%,20:16:42
-0.197265625,27.1°C,71%,20:16:58
-0.091796875,27.1°C,71%,20:17:15
-0.068359375,27.1°C,71%,20:17:31
-0.16015625,27.1°C,71%,20:17:47
-0.15234375,27.1°C,71%,20:18:04
-0.04296875,27.1°C,71%,20:18:20
-0.05859375,27.1°C,71%,20:18:36
-0.1640625,27.1°C,71%,20:18:52
-0.12890625,27.1°C,71%,20:19:09
-0.0234375,27.1°C,71%,20:19:25
-0.064453125,27.1°C,71%,20:19:41
-0.158203125,27.1°C,71%,20:19:58
-0.109375,27.1°C,71%,20:20:14
-0.017578125,27.1°C,71%,20:20:31
-0.095703125,27.1°C,71%,20:20:48
-0.16796875,27.1°C,71%,20:21:04
-0.08984375,27.1°C,71%,20:21:21
-0.009765625,27.1°C,71%,20:21:37
-0.11328125,27.1°C,71%,20:21:54
-0.154296875,27.1°C,71%,20:22:10
-0.06640625,27.1°C,71%,20:22:27
-0.009765625,27.1°C,71%,20:22:43
-0.111328125,27.1°C,71%,20:23:00
-0.1484375,27.1°C,71%,20:23:16
-0.048828125,27.1°C,71%,20:23:33
-0.013671875,27.1°C,71%,20:23:49
-0.115234375,27.1°C,71%,20:24:06
-0.142578125,27.1°C,71%,20:24:23
-0.04296875,27.1°C,71%,20:24:39
-0.025390625,27.1°C,71%,20:24:56
-0.12109375,27.1°C,71%,20:25:13
-0.10546875,27.1°C,71%,20:25:29
0.01171875,27.1°C,71%,20:25:45
-0.025390625,27.1°C,71%,20:26:02
-0.13671875,27.1°C,71%,20:26:19
-0.068359375,27.1°C,71%,20:26:35
0.02734375,27.1°C,71%,20:26:52
-0.03515625,27.1°C,71%,20:27:08
-0.119140625,27.1°C,71%,20:27:25
-0.05078125,27.1°C,71%,20:27:41
0.013671875,27.1°C,71%,20:27:58
-0.0546875,27.1°C,71%,20:28:14
-0.115234375,27.1°C,71%,20:28:31
-0.0546875,27.1°C,71%,20:28:48
0.01953125,27.1°C,71%,20:29:04
-0.076171875,27.1°C,71%,20:29:21
-0.095703125,27.1°C,71%,20:29:37
-0.01171875,27.1°C,71%,20:29:54
0.025390625,27.1°C,71%,20:30:11
-0.083984375,27.1°C,71%,20:30:27
-0.08984375,27.1°C,71%,20:30:44
0.0,27.1°C,71%,20:31:00
-0.0078125,27.1°C,71%,20:31:17
-0.10546875,27.1°C,71%,20:31:34
-0.109375,27.1°C,71%,20:31:50
0.001953125,27.1°C,71%,20:32:07
-0.03125,27.1°C,71%,20:32:23
-0.12890625,27.1°C,71%,20:32:40
-0.087890625,27.1°C,71%,20:32:57
0.01171875,27.1°C,71%,20:33:13
-0.03515625,27.1°C,71%,20:33:30
-0.125,27.1°C,71%,20:33:46
-0.076171875,27.1°C,71%,20:34:03
0.01171875,27.1°C,71%,20:34:19
-0.10546875,27.1°C,71%,20:34:36
-0.068359375,27.1°C,71%,20:34:52
0.021484375,27.1°C,71%,20:35:09
-0.00390625,27.1°C,71%,20:35:25
-0.08984375,27.1°C,71%,20:35:42
-0.041015625,27.1°C,71%,20:35:59
0.044921875,27.1°C,71%,20:36:15
-0.01953125,27.1°C,71%,20:36:32
-0.0859375,27.1°C,71%,20:36:48
-0.02734375,27.1°C,71%,20:37:05
0.041015625,27.1°C,71%,20:37:22
-0.05859375,27.1°C,71%,20:37:38
-0.111328125,27.1°C,71%,20:37:55
-0.037109375,27.1°C,71%,20:38:11
0.015625,27.1°C,71%,20:38:28
-0.08984375,27.1°C,71%,20:38:45
-0.111328125,27.1°C,71%,20:39:01
-0.029296875,27.1°C,71%,20:39:18
-0.009765625,27.1°C,71%,20:39:34
-0.11328125,27.1°C,71%,20:39:56
-0.109375,27.1°C,71%,20:40:16
-0.0234375,27.1°C,71%,20:40:33
-0.052734375,27.1°C,71%,20:40:49
-0.126953125,27.1°C,71%,20:41:06
-0.111328125,27.1°C,71%,20:41:23
0.00390625,27.1°C,71%,20:41:39
-0.037109375,27.1°C,71%,20:41:56
-0.142578125,27.1°C,71%,20:42:12
-0.078125,27.1°C,71%,20:42:29
0.00390625,27.1°C,71%,20:42:45
-0.0625,27.1°C,71%,20:43:02
-0.1328125,27.1°C,71%,20:43:18
-0.05859375,27.1°C,71%,20:43:35
0.0234375,27.1°C,71%,20:43:52
-0.091796875,27.1°C,71%,20:44:08
-0.138671875,27.1°C,71%,20:44:24
-0.05859375,27.1°C,71%,20:44:41
-0.01171875,27.1°C,71%,20:44:57
-0.091796875,27.1°C,71%,20:45:14
-0.125,27.1°C,71%,20:45:30
-0.037109375,27.1°C,71%,20:45:46
-0.00390625,27.1°C,71%,20:46:02
-0.111328125,27.1°C,71%,20:46:19
-0.1171875,27.1°C,71%,20:46:35
-0.0234375,27.1°C,71%,20:46:52
-0.01171875,27.1°C,71%,20:47:08
-0.115234375,27.1°C,71%,20:47:25
-0.099609375,27.1°C,71%,20:47:41
-0.001953125,27.1°C,71%,20:47:57
-0.02734375,27.1°C,71%,20:48:14
-0.1015625,27.1°C,71%,20:48:30
-0.08203125,27.1°C,71%,20:48:47
0.01171875,27.1°C,71%,20:49:03
-0.05078125,27.1°C,71%,20:49:20
-0.134765625,27.1°C,71%,20:49:36
-0.078125,27.1°C,71%,20:49:52
0.021484375,27.1°C,71%,20:50:09
-0.048828125,27.1°C,71%,20:50:25
-0.123046875,27.1°C,71%,20:50:41
-0.025390625,27.1°C,71%,20:50:57
0.0390625,27.1°C,71%,20:51:14
-0.072265625,27.1°C,71%,20:51:30
-0.1015625,27.1°C,71%,20:51:47
-0.021484375,27.1°C,71%,20:52:04
0.029296875,27.1°C,71%,20:52:20
-0.08984375,27.1°C,71%,20:52:37
-0.115234375,27.1°C,71%,20:52:53
-0.005859375,27.1°C,71%,20:53:10
0.021484375,27.1°C,71%,20:53:26
-0.103515625,27.1°C,71%,20:53:43
-0.1015625,27.1°C,71%,20:53:59
0.015625,27.1°C,71%,20:54:16
-0.01171875,27.1°C,71%,20:54:33
-0.12890625,27.1°C,71%,20:54:49
-0.099609375,27.1°C,71%,20:55:06
-0.005859375,27.1°C,71%,20:55:23
-0.044921875,27.1°C,71%,20:55:39
-0.123046875,27.1°C,71%,20:55:56
-0.087890625,27.1°C,71%,20:56:12
-0.01953125,27.1°C,71%,20:56:29
-0.083984375,27.1°C,71%,20:56:45
-0.13671875,27.1°C,71%,20:57:02
-0.064453125,27.1°C,71%,20:57:18
0.01171875,27.1°C,71%,20:57:35
-0.087890625,27.1°C,71%,20:57:51
-0.14453125,27.1°C,71%,20:58:08
-0.0703125,27.1°C,71%,20:58:25
0.0,27.1°C,71%,20:58:41
-0.09375,27.1°C,71%,20:58:58
-0.125,27.1°C,71%,20:59:15
-0.05078125,27.1°C,71%,20:59:31
-0.00390625,27.1°C,71%,20:59:48
-0.103515625,27.1°C,71%,21:00:05
-0.125,27.1°C,71%,21:00:21
-0.0234375,27.1°C,71%,21:00:38
-0.037109375,27.1°C,71%,21:00:55
-0.119140625,27.1°C,71%,21:01:11
-0.107421875,27.1°C,71%,21:01:28
-0.01953125,27.1°C,71%,21:01:44
-0.03125,27.1°C,71%,21:02:01
-0.1328125,27.1°C,71%,21:02:18
-0.087890625,27.1°C,71%,21:02:34
0.0078125,27.1°C,71%,21:02:51
-0.04296875,27.1°C,71%,21:03:07
-0.103515625,27.1°C,71%,21:03:24
-0.064453125,27.1°C,71%,21:03:40
0.009765625,27.1°C,71%,21:03:56
-0.07421875,27.1°C,71%,21:04:12
-0.146484375,27.1°C,71%,21:04:29
-0.07421875,27.1°C,71%,21:04:45
-0.025390625,27.1°C,71%,21:05:01
-0.103515625,27.1°C,71%,21:05:18
-0.134765625,27.1°C,71%,21:05:34
-0.119140625,27.1°C,71%,21:05:51
-0.462890625,27.1°C,71%,21:06:07
-0.6171875,27.1°C,71%,21:06:23
-0.619140625,27.1°C,71%,21:06:40
-0.53515625,27.1°C,71%,21:06:56
-0.494140625,27.1°C,71%,21:07:12
-0.5859375,27.1°C,71%,21:07:28
-0.556640625,27.1°C,71%,21:07:45
-0.44140625,27.1°C,71%,21:08:01
-0.435546875,27.1°C,71%,21:08:17
-0.501953125,27.1°C,71%,21:08:34
-0.453125,27.1°C,71%,21:08:50
-0.328125,27.1°C,71%,21:09:06
-0.34765625,27.1°C,71%,21:09:23
-0.4140625,27.1°C,71%,21:09:39
-0.337890625,27.1°C,71%,21:09:56
-0.22265625,27.1°C,71%,21:10:12
-0.279296875,27.1°C,71%,21:10:29
-0.302734375,27.1°C,71%,21:10:46
-0.23046875,27.1°C,71%,21:11:02
-0.125,27.1°C,71%,21:11:19
-0.171875,27.1°C,71%,21:11:35
-0.205078125,27.1°C,71%,21:11:52
-0.083984375,27.1°C,71%,21:12:08
-0.021484375,27.1°C,71%,21:12:25
-0.09765625,27.1°C,71%,21:12:42
-0.103515625,27.1°C,71%,21:12:58
-0.005859375,26.9°C,71%,21:13:15
0.001953125,26.9°C,71%,21:13:32
-0.091796875,26.9°C,71%,21:13:48
-0.0703125,26.9°C,71%,21:14:05
0.048828125,26.9°C,71%,21:14:21
0.0546875,26.9°C,71%,21:14:38
-0.04296875,26.9°C,71%,21:14:55
-0.017578125,26.9°C,71%,21:15:11
0.0859375,26.9°C,71%,21:15:28
0.064453125,26.9°C,71%,21:15:44
-0.02734375,26.9°C,71%,21:16:01
0.02734375,26.9°C,71%,21:16:17
0.130859375,26.9°C,71%,21:16:34
0.05859375,26.9°C,71%,21:16:50
-0.017578125,26.9°C,71%,21:17:07
0.04296875,26.9°C,71%,21:17:23
0.130859375,26.9°C,71%,21:17:40
0.046875,26.9°C,71%,21:17:57
-0.01953125,26.9°C,71%,21:18:13
0.064453125,26.9°C,71%,21:18:29
0.111328125,26.9°C,71%,21:18:46
0.025390625,26.9°C,71%,21:19:03
-0.017578125,26.9°C,71%,21:19:19
0.056640625,26.9°C,71%,21:19:36
0.10546875,26.9°C,71%,21:19:52
0.00390625,26.9°C,71%,21:20:08
-0.015625,26.9°C,71%,21:20:25
0.06640625,26.9°C,71%,21:20:41
0.076171875,26.9°C,71%,21:20:58
-0.013671875,26.9°C,71%,21:21:14
-0.025390625,26.9°C,71%,21:21:31
0.076171875,26.9°C,71%,21:21:47
0.072265625,26.9°C,71%,21:22:04
-0.033203125,26.9°C,71%,21:22:20
-0.005859375,26.9°C,71%,21:22:37
0.08203125,26.9°C,71%,21:22:53
0.02734375,26.9°C,71%,21:23:10
-0.056640625,26.9°C,71%,21:23:26
-0.00390625,26.9°C,71%,21:23:42
0.08203125,26.9°C,71%,21:23:59
0.015625,26.9°C,71%,21:24:16
-0.046875,26.9°C,71%,21:24:32
0.0078125,26.9°C,71%,21:24:49
0.08203125,26.9°C,71%,21:25:05
-0.025390625,26.9°C,71%,21:25:22
-0.080078125,26.9°C,71%,21:25:38
-0.005859375,26.9°C,71%,21:25:55
0.037109375,26.9°C,71%,21:26:11
-0.06640625,26.9°C,71%,21:26:28
-0.09375,26.9°C,71%,21:26:44
-0.00390625,26.9°C,71%,21:27:01
0.015625,26.9°C,71%,21:27:18
-0.10546875,26.9°C,71%,21:27:34
-0.0859375,26.9°C,71%,21:27:51
0.013671875,26.9°C,71%,21:28:07
0.013671875,26.9°C,71%,21:28:24
-0.103515625,26.9°C,71%,21:28:41
-0.076171875,26.9°C,71%,21:28:57
0.021484375,26.9°C,71%,21:29:14
-0.0078125,26.9°C,71%,21:29:31
-0.10546875,26.9°C,71%,21:29:47
-0.072265625,26.9°C,71%,21:30:04
0.029296875,26.9°C,71%,21:30:21
-0.05859375,26.9°C,71%,21:30:37
-0.123046875,26.9°C,71%,21:30:54
-0.064453125,26.9°C,71%,21:31:10
0.013671875,26.9°C,71%,21:31:27
-0.06640625,26.9°C,71%,21:31:43
-0.126953125,26.9°C,71%,21:32:00
-0.05859375,26.9°C,71%,21:32:16
0.015625,26.9°C,71%,21:32:33
-0.0859375,26.9°C,71%,21:32:49
-0.1328125,26.9°C,71%,21:33:06
-0.037109375,26.9°C,71%,21:33:23
-0.00390625,26.9°C,71%,21:33:40
-0.12109375,26.9°C,71%,21:33:56
-0.140625,26.9°C,71%,21:34:13
-0.0390625,26.9°C,71%,21:34:30
-0.02734375,26.9°C,71%,21:34:46
-0.12890625,26.9°C,71%,21:35:03
-0.134765625,26.9°C,71%,21:35:19
-0.0390625,26.9°C,71%,21:35:36
-0.0625,26.9°C,71%,21:35:53
-0.162109375,26.9°C,71%,21:36:09
-0.1328125,26.9°C,71%,21:36:26
-0.033203125,26.9°C,71%,21:36:43
-0.076171875,26.9°C,71%,21:37:03
-0.130859375,26.9°C,71%,21:37:19
-0.072265625,26.9°C,71%,21:37:36
0.00390625,26.9°C,71%,21:37:53
-0.0625,26.9°C,71%,21:38:09
-0.138671875,26.9°C,71%,21:38:26
-0.052734375,26.9°C,71%,21:38:43
0.025390625,26.9°C,71%,21:38:59
-0.0625,26.9°C,71%,21:39:16
-0.12890625,26.9°C,71%,21:39:33
-0.056640625,26.9°C,71%,21:39:49
-0.00390625,26.9°C,71%,21:40:06
-0.119140625,26.9°C,71%,21:40:23
-0.142578125,26.9°C,71%,21:40:39
-0.033203125,26.9°C,71%,21:40:56
-0.025390625,26.9°C,71%,21:41:12
-0.12890625,26.9°C,71%,21:41:29
-0.13671875,26.9°C,71%,21:41:45
-0.025390625,26.9°C,71%,21:42:02
-0.05859375,26.9°C,71%,21:42:18
-0.13671875,26.9°C,71%,21:42:35
-0.103515625,26.9°C,71%,21:42:51
-0.001953125,26.9°C,71%,21:43:08
-0.056640625,26.9°C,71%,21:43:24
-0.125,26.9°C,71%,21:43:41
-0.078125,26.9°C,71%,21:43:58
-0.001953125,26.9°C,71%,21:44:14
-0.07421875,26.9°C,71%,21:44:30
-0.134765625,26.9°C,71%,21:44:47
-0.072265625,26.9°C,71%,21:45:03
0.0234375,26.9°C,71%,21:45:20
-0.0625,26.9°C,71%,21:45:36
-0.123046875,26.9°C,71%,21:45:53
-0.041015625,26.9°C,71%,21:46:10
0.0078125,26.9°C,71%,21:46:26
-0.076171875,26.9°C,71%,21:46:42
-0.048828125,26.9°C,71%,21:46:58
-0.150390625,26.9°C,71%,21:47:15
-0.1640625,26.9°C,71%,21:47:31
-0.27734375,26.9°C,71%,21:47:47
-0.279296875,26.9°C,71%,21:48:03
-0.1484375,26.9°C,71%,21:48:19
-0.134765625,26.9°C,71%,21:48:36
-0.21484375,26.9°C,71%,21:48:52
-0.2109375,26.9°C,71%,21:49:09
-0.185546875,26.9°C,71%,21:49:25
-0.306640625,26.9°C,71%,21:49:41
-0.31640625,26.9°C,71%,21:49:58
-0.208984375,26.9°C,71%,21:50:14
-0.181640625,26.9°C,71%,21:50:30
-0.3046875,26.9°C,71%,21:50:47
-0.318359375,26.9°C,71%,21:51:03
-0.208984375,26.9°C,71%,21:51:19
-0.205078125,26.9°C,71%,21:51:36
-0.287109375,26.9°C,71%,21:51:52
-0.216796875,26.9°C,71%,21:52:09
-0.076171875,26.9°C,71%,21:52:25
-0.109375,26.9°C,71%,21:52:41
-0.158203125,26.9°C,71%,21:52:57
-0.115234375,26.9°C,71%,21:53:14
0.005859375,26.9°C,71%,21:53:30
-0.080078125,26.9°C,71%,21:53:46
-0.130859375,26.9°C,71%,21:54:03
-0.08203125,26.9°C,71%,21:54:19
0.001953125,26.9°C,71%,21:54:36
-0.078125,26.9°C,71%,21:54:52
-0.15234375,26.9°C,71%,21:55:08
-0.673828125,26.9°C,71%,21:55:24
-1.0,26.9°C,71%,21:55:40
-1.0,26.9°C,71%,21:55:57
-1.0,26.9°C,71%,21:56:13
-1.0,26.9°C,71%,21:56:29
-1.0,26.9°C,71%,21:56:45
-1.0,26.9°C,71%,21:57:02
-1.0,26.9°C,71%,21:57:18
-1.0,26.9°C,71%,21:57:34
-1.0,26.9°C,71%,21:57:51
-1.0,26.9°C,71%,21:58:07
-1.0,26.9°C,71%,21:58:23
-1.0,26.9°C,71%,21:58:40
-1.0,26.9°C,71%,21:58:56
-0.8984375,26.9°C,71%,21:59:12
-0.677734375,26.9°C,71%,21:59:29
-0.611328125,26.9°C,71%,21:59:45
-0.578125,26.9°C,71%,22:00:01
-0.43359375,26.9°C,71%,22:00:17
-0.26953125,26.9°C,71%,22:00:34
-0.283203125,26.9°C,71%,22:00:50
-0.298828125,26.9°C,71%,22:01:06
-0.15625,26.9°C,71%,22:01:23
-0.037109375,26.9°C,71%,22:01:39
-0.052734375,26.9°C,71%,22:01:55
-0.001953125,26.9°C,71%,22:02:11
0.14453125,26.9°C,71%,22:02:28
0.205078125,26.9°C,71%,22:02:44
0.10546875,26.9°C,71%,22:03:01
0.166015625,26.9°C,71%,22:03:17
0.232421875,26.9°C,71%,22:03:34
0.193359375,26.9°C,71%,22:03:50
0.142578125,26.9°C,71%,22:04:07
0.203125,26.9°C,71%,22:04:23
0.203125,26.9°C,71%,22:04:40
0.02734375,26.9°C,71%,22:04:56
-0.115234375,26.9°C,71%,22:05:13
-0.185546875,26.9°C,71%,22:05:29
-0.33203125,26.9°C,71%,22:05:45
-0.5546875,26.9°C,71%,22:06:02
-0.6953125,26.9°C,71%,22:06:18
-0.814453125,26.9°C,71%,22:06:35
-0.978515625,26.9°C,71%,22:06:51
-0.716796875,26.9°C,71%,22:07:07
-0.572265625,26.9°C,71%,22:07:24
-0.57421875,26.9°C,71%,22:07:40
-0.52734375,26.9°C,71%,22:07:56
-0.369140625,26.9°C,71%,22:08:13
-0.263671875,26.9°C,71%,22:08:30
-0.326171875,26.9°C,71%,22:08:46
-0.2734375,26.9°C,71%,22:09:02
-0.125,26.9°C,71%,22:09:19
-0.064453125,26.9°C,71%,22:09:35
-0.10546875,26.9°C,71%,22:09:52
-0.033203125,26.9°C,71%,22:10:08
0.095703125,26.9°C,71%,22:10:24
0.103515625,26.9°C,71%,22:10:41
0.046875,26.9°C,71%,22:10:57
0.125,26.9°C,71%,22:11:13
0.24609375,26.9°C,71%,22:11:30
0.20703125,26.9°C,71%,22:11:46
0.16796875,26.9°C,71%,22:12:03
0.240234375,26.9°C,71%,22:12:19
0.36328125,26.9°C,71%,22:12:35
0.3046875,26.9°C,71%,22:12:52
0.259765625,26.9°C,71%,22:13:08
0.333984375,27.0°C,70%,22:13:25
0.400390625,27.0°C,70%,22:13:41
0.318359375,27.0°C,70%,22:13:58
0.283203125,27.0°C,70%,22:14:14
0.375,27.0°C,70%,22:14:31
0.435546875,27.0°C,70%,22:14:47
0.341796875,27.0°C,70%,22:15:04
0.32421875,27.0°C,70%,22:15:21
0.421875,27.0°C,70%,22:15:37
0.44140625,27.0°C,70%,22:15:53
0.333984375,27.0°C,70%,22:16:10
0.31640625,27.0°C,70%,22:16:26
0.416015625,27.0°C,70%,22:16:43
0.40625,27.0°C,70%,22:17:00
0.306640625,27.0°C,70%,22:17:16
0.306640625,27.0°C,70%,22:17:33
0.404296875,27.0°C,70%,22:17:49
0.345703125,27.0°C,70%,22:18:06
0.255859375,27.0°C,70%,22:18:22
0.26953125,27.0°C,70%,22:18:39
0.34765625,27.0°C,70%,22:18:55
0.265625,27.0°C,70%,22:19:12
0.171875,27.0°C,70%,22:19:28
0.21875,27.0°C,70%,22:19:45
0.28125,27.0°C,70%,22:20:01
0.19140625,27.0°C,70%,22:20:18
0.130859375,27.0°C,70%,22:20:34
0.1796875,27.0°C,70%,22:20:51
0.2265625,27.0°C,70%,22:21:07
0.130859375,27.0°C,70%,22:21:24
0.083984375,27.0°C,70%,22:21:40
0.16796875,27.0°C,70%,22:21:57
0.173828125,27.0°C,70%,22:22:13
0.072265625,27.0°C,70%,22:22:29
0.056640625,27.0°C,70%,22:22:46
0.154296875,27.0°C,70%,22:23:02
0.142578125,27.0°C,70%,22:23:19
0.0390625,27.0°C,70%,22:23:35
0.037109375,27.0°C,70%,22:23:52
0.11328125,27.0°C,70%,22:24:08
0.099609375,27.0°C,70%,22:24:25
0.0078125,27.0°C,70%,22:24:41
0.029296875,27.0°C,70%,22:24:58
0.1171875,27.0°C,70%,22:25:14
0.0546875,27.0°C,70%,22:25:31
-0.01953125,27.0°C,70%,22:25:47
0.017578125,27.0°C,70%,22:26:04
0.103515625,27.0°C,70%,22:26:20
0.033203125,27.0°C,70%,22:26:37
-0.044921875,27.0°C,70%,22:26:53
0.01953125,27.0°C,70%,22:27:10
0.060546875,27.0°C,70%,22:27:26
-0.025390625,27.0°C,70%,22:27:43
-0.080078125,27.0°C,70%,22:27:59
-0.001953125,27.0°C,70%,22:28:16
0.041015625,27.0°C,70%,22:28:33
-0.056640625,27.0°C,70%,22:28:49
-0.0703125,27.0°C,70%,22:29:05
0.0078125,27.0°C,70%,22:29:22
0.013671875,27.0°C,70%,22:29:38
-0.09375,27.0°C,70%,22:29:55
-0.103515625,27.0°C,70%,22:30:11
-0.0078125,27.0°C,70%,22:30:28
-0.013671875,27.0°C,70%,22:30:44
-0.111328125,27.0°C,70%,22:31:01
-0.099609375,27.0°C,70%,22:31:17
0.00390625,27.0°C,70%,22:31:34
-0.025390625,27.0°C,70%,22:31:50
-0.12109375,27.0°C,70%,22:32:07
-0.09375,27.0°C,70%,22:32:24
-0.01171875,27.0°C,70%,22:32:40
-0.05078125,27.0°C,70%,22:32:57
-0.11328125,27.0°C,70%,22:33:13
-0.06640625,27.0°C,70%,22:33:30
0.013671875,27.0°C,70%,22:33:46
-0.068359375,27.0°C,70%,22:34:03
-0.11328125,27.0°C,70%,22:34:20
-0.064453125,27.0°C,70%,22:34:36
-0.01171875,27.0°C,70%,22:34:53
-0.095703125,27.0°C,70%,22:35:09
-0.1328125,27.0°C,70%,22:35:26
-0.044921875,27.0°C,70%,22:35:42
-0.013671875,27.0°C,70%,22:35:59
-0.115234375,27.0°C,70%,22:36:15
-0.1328125,27.0°C,70%,22:36:32
-0.048828125,27.0°C,70%,22:36:49
-0.04296875,27.0°C,70%,22:37:05
-0.134765625,27.0°C,70%,22:37:21
-0.126953125,27.0°C,70%,22:37:37
-0.03125,27.0°C,70%,22:37:54
-0.060546875,27.0°C,70%,22:38:10
-0.158203125,27.0°C,70%,22:38:27
-0.126953125,27.0°C,70%,22:38:43
-0.021484375,27.0°C,70%,22:38:59
-0.080078125,27.0°C,70%,22:39:15
-0.14453125,27.0°C,70%,22:39:31
-0.111328125,27.0°C,70%,22:39:48
-0.025390625,27.0°C,70%,22:40:04
-0.091796875,27.0°C,70%,22:40:20
-0.15234375,27.0°C,70%,22:40:36
-0.095703125,27.0°C,70%,22:40:52
-0.01953125,27.0°C,70%,22:41:09
-0.099609375,27.0°C,70%,22:41:25
-0.142578125,27.0°C,70%,22:41:41
-0.0625,27.0°C,70%,22:41:58
-0.00390625,27.0°C,70%,22:42:14
-0.103515625,27.0°C,70%,22:42:30
-0.12890625,27.0°C,70%,22:42:47
-0.0390625,27.0°C,70%,22:43:03
-0.001953125,27.0°C,70%,22:43:19
-0.14453125,27.0°C,70%,22:43:36
-0.166015625,27.0°C,70%,22:43:52
-0.0625,27.0°C,70%,22:44:09
-0.05078125,27.0°C,70%,22:44:25
-0.130859375,27.0°C,70%,22:44:42
-0.107421875,27.0°C,70%,22:44:58
-0.017578125,27.0°C,70%,22:45:15
-0.05078125,27.0°C,70%,22:45:31
-0.134765625,27.0°C,70%,22:45:48
-0.08984375,27.0°C,70%,22:46:04
0.00390625,27.0°C,70%,22:46:20
-0.0546875,27.0°C,70%,22:46:37
-0.150390625,27.0°C,70%,22:46:53
-0.08984375,27.0°C,70%,22:47:10
-0.009765625,27.0°C,70%,22:47:26
-0.072265625,27.0°C,70%,22:47:43
-0.125,27.0°C,70%,22:47:59
-0.05859375,27.0°C,70%,22:48:16
0.0078125,27.0°C,70%,22:48:34
-0.083984375,27.0°C,70%,22:48:51
-0.12109375,27.0°C,70%,22:49:07
-0.064453125,27.0°C,70%,22:49:24
-0.01953125,27.0°C,70%,22:49:40
-0.103515625,27.0°C,70%,22:49:57
-0.11328125,27.0°C,70%,22:50:13
-0.013671875,27.0°C,70%,22:50:30
-0.0078125,27.0°C,70%,22:50:46
-0.109375,27.0°C,70%,22:51:03
-0.109375,27.0°C,70%,22:51:20
-0.017578125,27.0°C,70%,22:51:37
-0.00390625,27.0°C,70%,22:51:53
-0.103515625,27.0°C,70%,22:52:10
-0.0703125,27.0°C,70%,22:52:26
0.017578125,27.0°C,70%,22:52:43
-0.015625,27.0°C,70%,22:52:59
-0.095703125,27.0°C,70%,22:53:16
-0.072265625,27.0°C,70%,22:53:32
0.021484375,27.0°C,70%,22:53:48
-0.0234375,27.0°C,70%,22:54:05
-0.099609375,27.0°C,70%,22:54:21
-0.041015625,27.0°C,70%,22:54:38
0.01953125,27.0°C,70%,22:54:55
-0.064453125,27.0°C,70%,22:55:11
-0.1171875,27.0°C,70%,22:55:28
-0.0546875,27.0°C,70%,22:55:44
0.009765625,27.0°C,70%,22:56:01
-0.0859375,27.0°C,70%,22:56:17
-0.123046875,27.0°C,70%,22:56:34
-0.037109375,27.0°C,70%,22:56:50
-0.0078125,27.0°C,70%,22:57:07
-0.109375,27.0°C,70%,22:57:24
-0.11328125,27.0°C,70%,22:57:40
-0.017578125,27.0°C,70%,22:57:57
-0.015625,27.0°C,70%,22:58:13
-0.11328125,27.0°C,70%,22:58:30
-0.095703125,27.0°C,70%,22:58:46
0.017578125,27.0°C,70%,22:59:02
-0.005859375,27.0°C,70%,22:59:19
-0.091796875,27.0°C,70%,22:59:35
-0.0703125,27.0°C,70%,22:59:52
0.005859375,27.0°C,70%,23:00:08
-0.025390625,27.0°C,70%,23:00:25
-0.107421875,27.0°C,70%,23:00:41
-0.064453125,27.0°C,70%,23:00:58
0.005859375,27.0°C,70%,23:01:14
-0.064453125,27.0°C,70%,23:01:30
-0.1484375,27.0°C,70%,23:01:47
-0.083984375,27.0°C,70%,23:02:03
-0.009765625,27.0°C,70%,23:02:20
-0.080078125,27.0°C,70%,23:02:36
-0.126953125,27.0°C,70%,23:02:52
-0.044921875,27.0°C,70%,23:03:08
0.0,27.0°C,70%,23:03:25
-0.09765625,27.0°C,70%,23:03:41
-0.115234375,27.0°C,70%,23:03:58
-0.033203125,27.0°C,70%,23:04:14
-0.0078125,27.0°C,70%,23:04:30
-0.099609375,27.0°C,70%,23:04:47
-0.111328125,27.0°C,70%,23:05:04
-0.005859375,27.0°C,70%,23:05:20
-0.005859375,27.0°C,70%,23:05:36
-0.095703125,27.0°C,70%,23:05:52
-0.09765625,27.0°C,70%,23:06:09
0.00390625,27.0°C,70%,23:06:25
-0.021484375,27.0°C,70%,23:06:42
-0.119140625,27.0°C,70%,23:06:58
-0.08203125,27.0°C,70%,23:07:15
0.00390625,27.0°C,70%,23:07:31
-0.05078125,27.0°C,70%,23:07:48
-0.111328125,27.0°C,70%,23:08:04
-0.056640625,27.0°C,70%,23:08:21
0.00390625,27.0°C,70%,23:08:38
-0.068359375,27.0°C,70%,23:08:54
-0.11328125,27.0°C,70%,23:09:11
-0.05078125,27.0°C,70%,23:09:27
0.0,27.0°C,70%,23:09:44
-0.076171875,27.0°C,70%,23:10:00
-0.115234375,27.0°C,70%,23:10:17
-0.03125,27.0°C,70%,23:10:33
0.009765625,27.0°C,70%,23:10:49
-0.095703125,27.0°C,70%,23:11:06
-0.125,27.0°C,70%,23:11:22
-0.037109375,27.0°C,70%,23:11:39
-0.02734375,27.0°C,70%,23:11:55
-0.130859375,27.0°C,70%,23:12:11
-0.1328125,27.0°C,70%,23:12:28
-0.029296875,27.0°C,70%,23:12:44
-0.048828125,27.0°C,70%,23:13:01
-0.138671875,26.8°C,70%,23:13:18
-0.107421875,26.8°C,70%,23:13:34
-0.01953125,26.8°C,70%,23:13:50
-0.072265625,26.8°C,70%,23:14:07
-0.142578125,26.8°C,70%,23:14:24
-0.099609375,26.8°C,70%,23:14:40
-0.013671875,26.8°C,70%,23:14:56
-0.076171875,26.8°C,70%,23:15:13
-0.146484375,26.8°C,70%,23:15:29
-0.087890625,26.8°C,70%,23:15:45
-0.013671875,26.8°C,70%,23:16:02
-0.09765625,26.8°C,70%,23:16:18
-0.140625,26.8°C,70%,23:16:34
-0.0703125,26.8°C,70%,23:16:51
-0.029296875,26.8°C,70%,23:17:07
-0.125,26.8°C,70%,23:17:23
-0.162109375,26.8°C,70%,23:17:40
-0.08203125,26.8°C,70%,23:17:56
-0.0546875,26.8°C,70%,23:18:12
-0.154296875,26.8°C,70%,23:18:29
-0.171875,26.8°C,70%,23:18:45
-0.064453125,26.8°C,70%,23:19:01
-0.0546875,26.8°C,70%,23:19:18
-0.12890625,26.8°C,70%,23:19:34
-0.11328125,26.8°C,70%,23:19:51
-0.013671875,26.8°C,70%,23:20:07
-0.048828125,26.8°C,70%,23:20:23
-0.126953125,26.8°C,70%,23:20:40
-0.09765625,26.8°C,70%,23:20:56
-0.015625,26.8°C,70%,23:21:12
-0.060546875,26.8°C,70%,23:21:28
-0.123046875,26.8°C,70%,23:21:44
-0.068359375,26.8°C,70%,23:22:01
0.009765625,26.8°C,70%,23:22:17
-0.068359375,26.8°C,70%,23:22:33
-0.142578125,26.8°C,70%,23:22:49
-0.0625,26.8°C,70%,23:23:06
-0.001953125,26.8°C,70%,23:23:22
-0.11328125,26.8°C,70%,23:23:39
-0.16015625,26.8°C,70%,23:23:55
-0.068359375,26.8°C,70%,23:24:11
-0.017578125,26.8°C,70%,23:24:27
-0.119140625,26.8°C,70%,23:24:44
-0.140625,26.8°C,70%,23:25:00
-0.0546875,26.8°C,70%,23:25:17
-0.0234375,26.8°C,70%,23:25:33
-0.126953125,26.8°C,70%,23:25:49
-0.140625,26.8°C,70%,23:26:05
-0.037109375,26.8°C,70%,23:26:21
-0.041015625,26.8°C,70%,23:26:38
-0.134765625,26.8°C,70%,23:26:54
-0.1640625,26.8°C,70%,23:27:10
-0.0546875,26.8°C,70%,23:27:26
-0.095703125,26.8°C,70%,23:27:43
-0.169921875,26.8°C,70%,23:27:59
-0.1171875,26.8°C,70%,23:28:16
-0.033203125,26.8°C,70%,23:28:32
-0.0703125,26.8°C,70%,23:28:48
-0.140625,26.8°C,70%,23:29:05
-0.103515625,26.8°C,70%,23:29:21
-0.015625,26.8°C,70%,23:29:37
-0.087890625,26.8°C,70%,23:29:53
-0.1328125,26.8°C,70%,23:30:09
-0.060546875,26.8°C,70%,23:30:25
-0.00390625,26.8°C,70%,23:30:41
-0.1015625,26.8°C,70%,23:30:58
-0.1328125,26.8°C,70%,23:31:14
-0.05078125,26.8°C,70%,23:31:30
-0.005859375,26.8°C,70%,23:31:46
-0.1015625,26.8°C,70%,23:32:02
-0.109375,26.8°C,70%,23:32:19
-0.01953125,26.8°C,70%,23:32:35
-0.015625,26.8°C,70%,23:32:51
-0.12890625,26.8°C,70%,23:33:07
-0.134765625,26.8°C,70%,23:33:23
-0.033203125,26.8°C,70%,23:33:39
-0.044921875,26.8°C,70%,23:33:56
-0.12890625,26.8°C,70%,23:34:12
-0.1015625,26.8°C,70%,23:34:28
-0.009765625,26.8°C,70%,23:34:44
-0.048828125,26.8°C,70%,23:35:00
-0.13671875,26.8°C,70%,23:35:16
-0.09765625,26.8°C,70%,23:35:33
-0.009765625,26.8°C,70%,23:35:49
-0.076171875,26.8°C,70%,23:36:05
-0.130859375,26.8°C,70%,23:36:21
-0.08203125,26.8°C,70%,23:36:37
0.0078125,26.8°C,70%,23:36:53
-0.083984375,26.8°C,70%,23:37:12
-0.126953125,26.8°C,70%,23:37:28
-0.056640625,26.8°C,70%,23:37:44
0.015625,26.8°C,70%,23:38:01
-0.091796875,26.8°C,70%,23:38:17
-0.125,26.8°C,70%,23:38:33
-0.05078125,26.8°C,70%,23:38:49
-0.017578125,26.8°C,70%,23:39:05
-0.09375,26.8°C,70%,23:39:21
-0.083984375,26.8°C,70%,23:39:38
0.0078125,26.8°C,70%,23:39:54
-0.00390625,26.8°C,70%,23:40:10
-0.08984375,26.8°C,70%,23:40:26
-0.0703125,26.8°C,70%,23:40:42
0.029296875,26.8°C,70%,23:40:58
